2 [ StatsCollector(
maxnvalues = 2000 ;
no_removal_warnings = 0 ;
nmissing_ = 0 ;
nnonmissing_ = 24 ;
sumsquarew_ = 24 ;
sum_ = 17.8840000000000003 ;
sumsquare_ = 21.358863999999997 ;
sumcube_ = 28.8238602879999988 ;
sumfourth_ = 41.2798264107519941 ;
min_ = -0.93199999999999994 ;
max_ = 0.77200000000000002 ;
first_ = -0.93199999999999994 ;
last_ = 0.707999999999999963 ;
counts = {-0.93199999999999994 : 1 0 0 0 0 , -0.928000000000000047 : 1 0 0 0 1 , -0.92000000000000004 : 1 0 0 0 2 , -0.839999999999999969 : 1 0 0 0 5 , -0.828000000000000069 : 1 0 0 0 4 , -0.816000000000000059 : 1 0 0 0 3 , -0.72799999999999998 : 1 0 0 0 7 , -0.711999999999999966 : 1 0 0 0 6 , -0.572000000000000064 : 1 0 0 0 8 , -0.471999999999999975 : 1 0 0 0 9 , -0.380000000000000004 : 1 0 0 0 10 , -0.288000000000000034 : 1 0 0 0 11 , -0.168000000000000038 : 1 0 0 0 12 , -0.0919999999999999707 : 1 0 0 0 14 , -0.0240000000000000213 : 1 0 0 0 13 , 0.108000000000000096 : 1 0 0 0 15 , 0.276000000000000023 : 1 0 0 0 16 , 0.296000000000000041 : 1 0 0 0 18 , 0.360000000000000098 : 1 0 0 0 17 , 0.455999999999999961 : 1 0 0 0 19 , 0.564000000000000057 : 1 0 0 0 21 , 0.675999999999999934 : 1 0 0 0 20 , 0.707999999999999963 : 1 0 0 0 23 , 0.77200000000000002 : 1 0 0 0 22 , 3.4028234663852886e+38 : 0 0 0 0 0 };
more_than_maxnvalues = 0  )
StatsCollector(
maxnvalues = 2000 ;
no_removal_warnings = 0 ;
nmissing_ = 0 ;
nnonmissing_ = 24 ;
sumsquarew_ = 24 ;
sum_ = -14.8119999999999994 ;
sumsquare_ = 13.218512000000004 ;
sumcube_ = -14.349589696000006 ;
sumfourth_ = 18.1767937180160111 ;
min_ = -0.864000000000000323 ;
max_ = 0.92000000000000004 ;
first_ = 0.92000000000000004 ;
last_ = 0.892000000000000015 ;
counts = {-0.864000000000000323 : 1 0 0 0 18 , -0.21599999999999997 : 1 0 0 0 5 , -0.15999999999999992 : 1 0 0 0 2 , -0.131999999999999895 : 1 0 0 0 22 , -0.0320000000000000284 : 1 0 0 0 20 , -0.0200000000000000178 : 1 0 0 0 21 , -0.00400000000000000355 : 1 0 0 0 19 , 0.119999999999999885 : 1 0 0 0 17 , 0.180000000000000049 : 1 0 0 0 16 , 0.243999999999999995 : 1 0 0 0 15 , 0.304000000000000048 : 1 0 0 0 13 , 0.331999999999999962 : 1 0 0 0 14 , 0.396000000000000019 : 1 0 0 0 12 , 0.451999999999999957 : 1 0 0 0 7 , 0.459999999999999964 : 1 0 0 0 11 , 0.479999999999999982 : 1 0 0 0 4 , 0.516000000000000014 : 1 0 0 0 1 , 0.524000000000000021 : 1 0 0 0 10 , 0.55600000000000005 : 1 0 0 0 9 , 0.607999999999999985 : 1 0 0 0 8 , 0.831999999999999962 : 1 0 0 0 6 , 0.880000000000000004 : 1 0 0 0 3 , 0.892000000000000015 : 1 0 0 0 23 , 0.92000000000000004 : 1 0 0 0 0 , 3.4028234663852886e+38 : 0 0 0 0 0 };
more_than_maxnvalues = 0  )
] 