
Step:	 /u/lisa/dorionc/PLearn/test_suite/TMat/Matrices/Random/mrand0_8_3
Doing ...


Loading /u/lisa/dorionc/PLearn/test_suite/TMat/Matrices/Random/mrand0_8_3...
-93         403         567         
-4          94          -224        
-977        339         922         
-726        101         251         
-88         -149        -390        
188         392         333         
223         -387        114         
724         879         708         

sum(const TMat<T>& mat) = 3200
sumsquare(const TMat<T>& mat) = 5.5639e+06
product(const TMat<T>& mat) = -5.59586e+57
mean(const TMat<T>& mat) = 133.333
variance(const TMat<T>& mat, T meanval) = 223358
geometric_mean(TMat<T>): argument -93 <=0 at position (0,0)
min(const TMat<T>& mat) = -977
max(const TMat<T>& mat) = 922
makeItSymmetric: at void makeItSymmetric, the matrix is not even square

trace(const TMat<T>& mat) = 
In trace()
The matrix must be square.

product(const TMat<T>& mat, const TMat<T>& m1, const TMat<T>& m2) = 
532172      488510      42533       -583552     400637      -189405     -525069     
-60974      20570       90704       142254      59486       173960      53568       
71366       388188      733505      -509876     -356084     -914000     -1.19374e+06 
-293263     40105       621192      30141       -474232     -497655     -608656     
-381493     -248773     144826      405941      -275517     108230      203534      
589558      460450      -152868     -497228     593393      96755       -240316     
-53592      -270066     -341747     -16542      -182350     -129800     279835      
1.51014e+06 1.07013e+06 -607778     -1.19741e+06 1.57904e+06 405940      -337334     

product(const TVec<T>& vec, const TMat<T>& m, const TVec<T>& v) = 
Ok.

productAcc(const TMat<T>& mat, const TMat<T>& m1, const TMat<T>& m2) = 
Ok.

productAcc(const TVec<T>& vec, const TMat<T>& m, const TVec<T>& v) = 
Ok.

productTranspose(const TMat<T>& mat, const TMat<T>& m1, const TMat<T>& m2) = 
492547      -88754      750252      250538      -272993     329303      -112062     688341      
-88754      59028       -170754     -43826      73706       -38496      -62806      -78862      
750252      -170754     1.91953e+06 974963      -324115     256238      -243956     243409      
250538      -43826      974963      600278      -49051      -13313      -172371     -259137     
-272993     73706       -324115     -49051      182045      -204822     -6421       -470803     
329303      -38496      256238      -13313      -204822     299897      -71818      716444      
-112062     -62806      -243956     -172371     -6421       -71818      212494      -98009      
688341      -78862      243409      -259137     -470803     716444      -98009      1.79808e+06 

productTransposeAcc(const TMat<T>& mat, const TMat<T>& m1, const TMat<T>& m2):
Ok.

squareProductTranspose(const TMat<T>& mat, const TMat<T>& m1, const TMat<T>& m2) = 
2.46931e+08 -5.67817e+07 3.43019e+08 9.08179e+07 -1.50341e+08 1.72346e+08 -2.42738e+07 3.76634e+08 
3.20092e+07 -1.04089e+07 4.9242e+07  1.3475e+07  -2.08866e+07 2.01753e+07 2.3041e+06  4.3303e+07  
4.3954e+08  -1.83434e+08 -1.09839e+08 -4.6801e+08 -4.32655e+08 5.07578e+08 2.65295e+08 1.39395e+09 
-9.1855e+06 -1.52616e+07 -4.53408e+08 -3.65814e+08 -7.2473e+07 1.24068e+08 1.20772e+08 4.35174e+08 
9.44675e+07 -3.20145e+07 1.40196e+08 3.47973e+07 -6.33084e+07 6.0808e+07  1.04745e+07 1.32808e+08 
1.21514e+08 -1.05361e+07 1.19801e+08 1.76935e+07 -6.92529e+07 1.03807e+08 -3.89449e+07 2.39169e+08 
6.31008e+07 1.09683e+07 1.41688e+07 -1.77146e+07 -3.17602e+07 7.23862e+07 -4.53895e+07 1.76852e+08 
5.46843e+08 -4.17516e+07 2.11971e+08 -1.76698e+08 -3.56744e+08 5.68341e+08 -1.24977e+08 1.41355e+09 

squareProductTransposeAcc(const TMat<T>& mat, const TMat<T>& m1, const TMat<T>& m2):
Ok.

transposeProduct(const TMat<T>& mat, const TMat<T>& m1, const TMat<T>& m2) = 
2.10726e+06 194519      -499917     
194519      1.39464e+06 1.31221e+06 
-499917     1.31221e+06 2.062e+06   

transposeProduct(const TVec<T>& vec, const TMat<T>& m, const TVec<T>& v) = 
Ok.

transposeProductAcc(const TMat<T>& mat, const TMat<T>& m1, const TMat<T>& m2):
Ok.

transposeProductAcc(const TVec<T>& vec, const TMat<T>& m, const TVec<T>& v)
Ok.

PASSED



Step:	 /u/lisa/dorionc/PLearn/test_suite/TMat/Matrices/Random/mrand10_8_1
Doing ...


Loading /u/lisa/dorionc/PLearn/test_suite/TMat/Matrices/Random/mrand10_8_1...
-659        
-187        
-383        
300         
816         
354         
-118        
-864        

sum(const TMat<T>& mat) = -741
sumsquare(const TMat<T>& mat) = 2.25753e+06
product(const TMat<T>& mat) = -4.17e+20
mean(const TMat<T>& mat) = -92.625
variance(const TMat<T>& mat, T meanval) = 312699
geometric_mean(TMat<T>): argument -659 <=0 at position (0,0)
min(const TMat<T>& mat) = -864
max(const TMat<T>& mat) = 816
makeItSymmetric: at void makeItSymmetric, the matrix is not even square

trace(const TMat<T>& mat) = 
In trace()
The matrix must be square.

product(const TMat<T>& mat, const TMat<T>& m1, const TMat<T>& m2) = 
382879      -283370     -409239     139049      -498204     -605621     -329500     
108647      -80410      -116127     39457       -141372     -171853     -93500      
222523      -164690     -237843     80813       -289548     -351977     -191500     
-174300     129000      186300      -63300      226800      275700      150000      
-474096     350880      506736      -172176     616896      749904      408000      
-205674     152220      219834      -74694      267624      325326      177000      
68558       -50740      -73278      24898       -89208      -108442     -59000      
501984      -371520     -536544     182304      -653184     -794016     -432000     

product(const TVec<T>& vec, const TMat<T>& m, const TVec<T>& v) = 
Ok.

productAcc(const TMat<T>& mat, const TMat<T>& m1, const TMat<T>& m2) = 
Ok.

productAcc(const TVec<T>& vec, const TMat<T>& m, const TVec<T>& v) = 
Ok.

productTranspose(const TMat<T>& mat, const TMat<T>& m1, const TMat<T>& m2) = 
434281      123233      252397      -197700     -537744     -233286     77762       569376      
123233      34969       71621       -56100      -152592     -66198      22066       161568      
252397      71621       146689      -114900     -312528     -135582     45194       330912      
-197700     -56100      -114900     90000       244800      106200      -35400      -259200     
-537744     -152592     -312528     244800      665856      288864      -96288      -705024     
-233286     -66198      -135582     106200      288864      125316      -41772      -305856     
77762       22066       45194       -35400      -96288      -41772      13924       101952      
569376      161568      330912      -259200     -705024     -305856     101952      746496      

productTransposeAcc(const TMat<T>& mat, const TMat<T>& m1, const TMat<T>& m2):
Ok.

squareProductTranspose(const TMat<T>& mat, const TMat<T>& m1, const TMat<T>& m2) = 
-2.86191e+08 -8.12105e+07 -1.6633e+08 1.30284e+08 3.54373e+08 1.53735e+08 -5.12452e+07 -3.75219e+08 
-2.30446e+07 -6.5392e+06 -1.33931e+07 1.04907e+07 2.85347e+07 1.2379e+07  -4.12634e+06 -3.02132e+07 
-9.66681e+07 -2.74308e+07 -5.61819e+07 4.40067e+07 1.19698e+08 5.19279e+07 -1.73093e+07 -1.26739e+08 
-5.931e+07  -1.683e+07  -3.447e+07  2.7e+07     7.344e+07   3.186e+07   -1.062e+07  -7.776e+07  
-4.38799e+08 -1.24515e+08 -2.55023e+08 1.99757e+08 5.43338e+08 2.35713e+08 -7.8571e+07 -5.753e+08  
-8.25832e+07 -2.34341e+07 -4.7996e+07 3.75948e+07 1.02258e+08 4.43619e+07 -1.47873e+07 -1.08273e+08 
-9.17592e+06 -2.60379e+06 -5.33289e+06 4.1772e+06  1.1362e+07  4.9291e+06  -1.64303e+06 -1.20303e+07 
-4.91941e+08 -1.39595e+08 -2.85908e+08 2.23949e+08 6.09141e+08 2.6426e+08  -8.80865e+07 -6.44973e+08 

squareProductTransposeAcc(const TMat<T>& mat, const TMat<T>& m1, const TMat<T>& m2):
Ok.

transposeProduct(const TMat<T>& mat, const TMat<T>& m1, const TMat<T>& m2) = 
2.25753e+06 

transposeProduct(const TVec<T>& vec, const TMat<T>& m, const TVec<T>& v) = 
Ok.

transposeProductAcc(const TMat<T>& mat, const TMat<T>& m1, const TMat<T>& m2):
Ok.

transposeProductAcc(const TVec<T>& vec, const TMat<T>& m, const TVec<T>& v)
Ok.

PASSED



Step:	 /u/lisa/dorionc/PLearn/test_suite/TMat/Matrices/Random/mrand11_5_9
Doing ...


Loading /u/lisa/dorionc/PLearn/test_suite/TMat/Matrices/Random/mrand11_5_9...
-418        -958        -90         -348        -114        269         -951        -812        452         
-260        971         -746        930         429         -762        90          -95         -701        
-129        657         121         107         -366        239         887         -954        390         
1           193         -384        -904        64          208         -770        607         505         
-460        -254        -80         956         363         -155        105         -214        33          

sum(const TMat<T>& mat) = -2348
sumsquare(const TMat<T>& mat) = 1.29704e+07
product(const TMat<T>& mat) = -1.14528e+110
mean(const TMat<T>& mat) = -52.1778
variance(const TMat<T>& mat, T meanval) = 291998
geometric_mean(TMat<T>): argument -418 <=0 at position (0,0)
min(const TMat<T>& mat) = -958
max(const TMat<T>& mat) = 971
makeItSymmetric: at void makeItSymmetric, the matrix is not even square

trace(const TMat<T>& mat) = 
In trace()
The matrix must be square.

product(const TMat<T>& mat, const TMat<T>& m1, const TMat<T>& m2) = 
767887      -242294     -2.21051e+06 -418418     1.92404e+06 348600      -899199     277812      
-1.34344e+06 1.24053e+06 2.91802e+06 -62024      -1.29691e+06 385108      286714      1.07519e+06 
97677       -835593     1.01897e+06 383941      70887       -1.25935e+06 -1.02164e+06 -75757      
263649      -849679     -1.33306e+06 358404      660691      1.20271e+06 423469      171560      
335020      1.1206e+06  886178      -401230     -252976     -450129     -617529     795984      

product(const TVec<T>& vec, const TMat<T>& m, const TVec<T>& v) = 
Ok.

productAcc(const TMat<T>& mat, const TMat<T>& m1, const TMat<T>& m2) = 
Ok.

productAcc(const TVec<T>& vec, const TMat<T>& m, const TVec<T>& v) = 
Ok.

productTranspose(const TMat<T>& mat, const TMat<T>& m1, const TMat<T>& m2) = 
3.0751e+06  -1.65722e+06 -410204     680142      115876      
-1.65722e+06 3.70507e+06 238669      -979123     1.10221e+06 
-410204     238669      2.51444e+06 -1.05535e+06 125332      
680142      -979123     -1.05535e+06 2.26566e+06 -1.08608e+06 
115876      1.10221e+06 125332      -1.08608e+06 1.41016e+06 

productTransposeAcc(const TMat<T>& mat, const TMat<T>& m1, const TMat<T>& m2):
Ok.

squareProductTranspose(const TMat<T>& mat, const TMat<T>& m1, const TMat<T>& m2) = 
-2.28027e+09 7.78282e+08 8.59776e+08 -1.12396e+08 -2.44252e+08 
-9.40276e+08 5.79021e+08 1.03225e+09 -4.33585e+08 5.03688e+08 
-1.84417e+09 3.06197e+08 1.38e+08    1.11246e+08 -1.74882e+08 
-1.06993e+09 4.94553e+08 4.12459e+08 -8.83033e+08 7.46603e+08 
-5.24619e+08 8.86915e+08 3.76852e+07 -7.82703e+08 7.94989e+08 

squareProductTransposeAcc(const TMat<T>& mat, const TMat<T>& m1, const TMat<T>& m2):
Ok.

transposeProduct(const TMat<T>& mat, const TMat<T>& m1, const TMat<T>& m2) = 
470566      180264      252387      -550803     -183590     126355      210625      586229      -71661      
180264      2.39402e+06 -612441     889417      205459      -761067     1.40593e+06 230380      -768374     
252387      -612441     733113      -378857     -407676     505689      413057      -187452     332896      
-550803     889417      -378857     2.7286e+06  688652      -1.11291e+06 1.30602e+06 -661164     -1.19247e+06 
-183590     205459      -407676     688652      466858      -487991     -188783     362143      -450698     
126355      -761067     505689      -1.11291e+06 -487991     777415      -288841     -214618     848885      
210625      1.40593e+06 413057      1.30602e+06 -188783     -288841     2.3032e+06  -572396     -532397     
586229      230380      -187452     -661164     362143      -214618     -572396     1.99273e+06 -373016     
-71661      -768374     332896      -1.19247e+06 -450698     848885      -532397     -373016     1.10392e+06 

transposeProduct(const TVec<T>& vec, const TMat<T>& m, const TVec<T>& v) = 
Ok.

transposeProductAcc(const TMat<T>& mat, const TMat<T>& m1, const TMat<T>& m2):
Ok.

transposeProductAcc(const TVec<T>& vec, const TMat<T>& m, const TVec<T>& v)
Ok.

PASSED



Step:	 /u/lisa/dorionc/PLearn/test_suite/TMat/Matrices/Random/mrand12_9_8
Doing ...


Loading /u/lisa/dorionc/PLearn/test_suite/TMat/Matrices/Random/mrand12_9_8...
-253        -104        -290        168         -189        -904        197         -991        
-449        18          734         771         -722        -99         119         92          
131         806         -762        454         -199        -558        57          -467        
155         857         827         270         -606        -757        -458        -33         
273         744         -245        -702        -567        -305        206         934         
874         -797        -759        93          -878        -579        -197        39          
101         -541        995         -453        -269        -413        -48         65          
137         39          159         209         -496        620         609         -89         
666         -180        -349        352         968         -456        -734        -36         

sum(const TMat<T>& mat) = -3195
sumsquare(const TMat<T>& mat) = 1.95353e+07
product(const TMat<T>& mat) = 3.29175e+177
mean(const TMat<T>& mat) = -44.375
variance(const TMat<T>& mat, T meanval) = 273148
geometric_mean(TMat<T>): argument -253 <=0 at position (0,0)
min(const TMat<T>& mat) = -991
max(const TMat<T>& mat) = 995
makeItSymmetric: at void makeItSymmetric, the matrix is not even square

trace(const TMat<T>& mat) = 
In trace()
The matrix must be square.

product(const TMat<T>& mat, const TMat<T>& m1, const TMat<T>& m2) = 
-641566     -1.46661e+06 -1.25186e+06 
-1.09711e+06 251027      938969      
-13326      -705544     -1.12722e+06 
-1.23686e+06 392435      634864      
1.43536e+06 732185      390364      
548648      43770       152398      
-668082     235297      990067      
-88395      136917      674314      
-336455     98149       -454016     

product(const TVec<T>& vec, const TMat<T>& m, const TVec<T>& v) = 
Ok.

productAcc(const TMat<T>& mat, const TMat<T>& m1, const TMat<T>& m2) = 
Ok.

productAcc(const TVec<T>& vec, const TMat<T>& m, const TVec<T>& v) = 
Ok.

productTranspose(const TMat<T>& mat, const TMat<T>& m1, const TMat<T>& m2) = 
2.06098e+06 186618      1.19635e+06 418526      -695460     709400      16379       -308279     130918      
186618      1.88883e+06 -90846      1.21596e+06 -280246     -220793     561353      578049      -1.03146e+06 
1.19635e+06 -90846      2.02586e+06 735758      361996      561054      -1.13577e+06 -147871     404702      
418526      1.21596e+06 735758      2.66644e+06 737085      -90832      748067      -202168     -148669     
-695460     -280246     361996      737085      2.5102e+06  436568      28610       15204       -708305     
709400      -220793     561054      -90832      436568      3.13027e+06 209417      -59525      580485      
16379       561353      -1.13577e+06 748067      28610       209417      1.74758e+06 -101387     -381237     
-308279     578049      -147871     -202168     15204       -59525      -101387     1.09847e+06 -1.10435e+06 
130918      -1.03146e+06 404702      -148669     -708305     580485      -381237     -1.10435e+06 2.40667e+06 

productTransposeAcc(const TMat<T>& mat, const TMat<T>& m1, const TMat<T>& m2):
Ok.

squareProductTranspose(const TMat<T>& mat, const TMat<T>& m1, const TMat<T>& m2) = 
-1.74808e+09 4.32195e+07 -9.53702e+08 -5.94101e+08 6.40857e+08 -4.87759e+08 -2.13639e+08 4.53648e+08 -3.80646e+08 
-2.20393e+08 3.88374e+08 -2.26335e+08 3.07494e+08 -7.81749e+08 -6.43513e+08 1.42564e+08 -7.07714e+06 6.4486e+08  
-7.10107e+08 5.5013e+08  -1.06303e+08 8.26856e+08 2.88008e+08 -1.13149e+09 9.42425e+06 3.1906e+08  -3.49481e+08 
-8.15753e+08 2.63829e+08 -2.74337e+08 4.65988e+08 -4.52377e+06 -1.77219e+09 -9.28783e+07 4.56706e+08 -3.89062e+08 
-1.01204e+09 2.44492e+08 1.13052e+08 3.55164e+08 6.84388e+08 -6.86225e+08 -5.25685e+08 -9.24082e+06 3.08747e+08 
-8.6755e+08 -4.87044e+08 -1.61969e+08 4.02771e+08 3.99774e+06 -1.1536e+09 -4.48003e+07 7.1819e+07  7.61201e+08 
-4.57256e+08 8.17114e+08 -5.35416e+08 9.524e+08   -2.54705e+08 -1.11928e+09 6.45059e+08 2.84004e+08 -3.28751e+08 
-3.33681e+08 -1.26981e+08 -2.4176e+08 -5.73287e+08 -2.03536e+08 -5.11258e+08 -2.35783e+08 3.57245e+08 -1.90876e+08 
-3.90317e+08 -6.46527e+08 -2.24732e+08 -7.41336e+08 -4.54144e+08 -7.68265e+08 -2.71379e+08 9.94365e+07 7.07409e+08 

squareProductTransposeAcc(const TMat<T>& mat, const TMat<T>& m1, const TMat<T>& m2):
Ok.

transposeProduct(const TMat<T>& mat, const TMat<T>& m1, const TMat<T>& m2) = 
1.61773e+06 -405993     -1.06824e+06 -180411     -120600     -767050     -692994     402587      
-405993     2.91057e+06 91308       187175      -443213     -442027     127202      331694      
-1.06824e+06 91308       3.66064e+06 -44413      -703696     349626      12306       488138      
-180411     187175      -44413      1.77593e+06 -167071     -369503     -245213     -1.02924e+06 
-120600     -443213     -703696     -167071     3.31162e+06 855584      -800446     -338203     
-767050     -442027     349626      -369503     855584      2.9026e+06  908372      799263      
-692994     127202      12306       -245213     -800446     908372      1.25917e+06 -41960      
402587      331694      488138      -1.02924e+06 -338203     799263      -41960      2.09704e+06 

transposeProduct(const TVec<T>& vec, const TMat<T>& m, const TVec<T>& v) = 
Ok.

transposeProductAcc(const TMat<T>& mat, const TMat<T>& m1, const TMat<T>& m2):
Ok.

transposeProductAcc(const TVec<T>& vec, const TMat<T>& m, const TVec<T>& v)
Ok.

PASSED



Step:	 /u/lisa/dorionc/PLearn/test_suite/TMat/Matrices/Random/mrand13_8_2
Doing ...


Loading /u/lisa/dorionc/PLearn/test_suite/TMat/Matrices/Random/mrand13_8_2...
-184        -314        
564         77          
647         -86         
-729        861         
-152        -996        
-920        458         
-251        -339        
775         504         

sum(const TMat<T>& mat) = -85
sumsquare(const TMat<T>& mat) = 5.25909e+06
product(const TMat<T>& mat) = -1.85786e+41
mean(const TMat<T>& mat) = -5.3125
variance(const TMat<T>& mat, T meanval) = 350576
geometric_mean(TMat<T>): argument -184 <=0 at position (0,0)
min(const TMat<T>& mat) = -996
max(const TMat<T>& mat) = 861
makeItSymmetric: at void makeItSymmetric, the matrix is not even square

trace(const TMat<T>& mat) = 
In trace()
The matrix must be square.

product(const TMat<T>& mat, const TMat<T>& m1, const TMat<T>& m2) = 
-94874      234310      240708      -133204     144856      -287470     377172      -350078     -314196     
491813      -294067     -385402     -234558     161652      495975      -470754     408071      150210      
603763      -253838     -372735     -395641     304684      493130      -405099     337201      12279       
-853734     -79995      115863      1.00052e+06 -865944     -223245     -134973     193902      687609      
88836       546396      492016      -644816     623504      -557900     881712      -842388     -935760     
-934726     200138      396396      806308      -662872     -555170     316188      -227362     290724      
-149700     276837      292801      -116849     136496      -353285     445365      -410460     -346593     
585417      -594816     -688067     -33221      -50236      854740      -955071     859779      571947      

product(const TVec<T>& vec, const TMat<T>& m, const TVec<T>& v) = 
Ok.

productAcc(const TMat<T>& mat, const TMat<T>& m1, const TMat<T>& m2) = 
Ok.

productAcc(const TVec<T>& vec, const TMat<T>& m, const TVec<T>& v) = 
Ok.

productTranspose(const TMat<T>& mat, const TMat<T>& m1, const TMat<T>& m2) = 
132452      -127954     -92044      -136218     340712      25468       152630      -300856     
-127954     324025      358286      -344859     -162420     -483614     -167667     475908      
-92044      358286      426005      -545709     -12688      -634628     -133243     458081      
-136218     -344859     -545709     1.27276e+06 -746748     1.06502e+06 -108900     -131031     
340712      -162420     -12688      -746748     1.01512e+06 -316328     375796      -619784     
25468       -483614     -634628     1.06502e+06 -316328     1.05616e+06 75658       -482168     
152630      -167667     -133243     -108900     375796      75658       177922      -365381     
-300856     475908      458081      -131031     -619784     -482168     -365381     854641      

productTransposeAcc(const TMat<T>& mat, const TMat<T>& m1, const TMat<T>& m2):
Ok.

squareProductTranspose(const TMat<T>& mat, const TMat<T>& m1, const TMat<T>& m2) = 
-3.71886e+07 2.66867e+07 1.34256e+07 6.02101e+07 -1.03348e+08 1.40094e+07 -4.19219e+07 7.59308e+07 
-6.03914e+07 1.79863e+08 2.05298e+08 -2.26787e+08 -5.42559e+07 -2.89933e+08 -8.1852e+07 2.49513e+08 
-7.93464e+07 2.36665e+08 2.70204e+08 -2.98798e+08 -7.0995e+07 -3.81733e+08 -1.07578e+08 3.2815e+08  
-3.3056e+08 3.56814e+08 2.80089e+08 2.50857e+08 -8.19135e+08 -1.49401e+08 -3.847e+08  7.85493e+08 
-3.15744e+08 8.94159e+07 -7.03651e+07 8.37283e+08 -9.9156e+08 4.33088e+08 -3.42093e+08 5.17882e+08 
-2.21603e+08 4.93521e+08 5.29581e+08 -4.36419e+08 -3.37578e+08 -6.82616e+08 -2.83556e+08 7.61681e+08 
-4.76774e+07 4.43815e+07 3.08784e+07 5.30193e+07 -1.24037e+08 -5.3271e+06 -5.47715e+07 1.06746e+08 
-1.90276e+08 3.58312e+08 3.66759e+08 -2.19148e+08 -3.44295e+08 -4.36236e+08 -2.36868e+08 5.93508e+08 

squareProductTransposeAcc(const TMat<T>& mat, const TMat<T>& m1, const TMat<T>& m2):
Ok.

transposeProduct(const TMat<T>& mat, const TMat<T>& m1, const TMat<T>& m2) = 
2.83513e+06 -376386     
-376386     2.42396e+06 

transposeProduct(const TVec<T>& vec, const TMat<T>& m, const TVec<T>& v) = 
Ok.

transposeProductAcc(const TMat<T>& mat, const TMat<T>& m1, const TMat<T>& m2):
Ok.

transposeProductAcc(const TVec<T>& vec, const TMat<T>& m, const TVec<T>& v)
Ok.

PASSED



Step:	 /u/lisa/dorionc/PLearn/test_suite/TMat/Matrices/Random/mrand14_5_6
Doing ...


Loading /u/lisa/dorionc/PLearn/test_suite/TMat/Matrices/Random/mrand14_5_6...
-968        -736        885         -548        558         -917        
-313        452         -876        531         -774        -17         
879         336         -317        -435        328         -961        
144         676         604         348         35          -557        
89          -451        -10         -426        -185        87          

sum(const TMat<T>& mat) = -2539
sumsquare(const TMat<T>& mat) = 9.58163e+06
product(const TMat<T>& mat) = 2.15745e+75
mean(const TMat<T>& mat) = -84.6333
variance(const TMat<T>& mat, T meanval) = 322991
geometric_mean(TMat<T>): argument -968 <=0 at position (0,0)
min(const TMat<T>& mat) = -968
max(const TMat<T>& mat) = 885
makeItSymmetric: at void makeItSymmetric, the matrix is not even square

trace(const TMat<T>& mat) = 
In trace()
The matrix must be square.

product(const TMat<T>& mat, const TMat<T>& m1, const TMat<T>& m2) = 
2.78513e+06 -165836     1.48766e+06 1.48464e+06 1.75155e+06 477912      -1.14703e+06 1.06598e+06 
-680666     616667      278982      -562220     -464683     -586008     915056      1.12187e+06 
-6588       487680      -289367     852122      1.01947e+06 998836      790173      -445775     
721390      743016      286254      -455045     -442124     721043      -116312     1.0185e+06  
-130935     -233664     66186       140639      155022      -213569     813         -626424     

product(const TVec<T>& vec, const TMat<T>& m, const TVec<T>& v) = 
Ok.

productAcc(const TMat<T>& mat, const TMat<T>& m1, const TMat<T>& m2) = 
Ok.

productAcc(const TVec<T>& vec, const TMat<T>& m, const TVec<T>& v) = 
Ok.

productTranspose(const TMat<T>& mat, const TMat<T>& m1, const TMat<T>& m2) = 
3.7145e+06  -1.51224e+06 -76072      237207      287373      
-1.51224e+06 1.95098e+06 -314083     -101457     -307444     
-76072      -314083     2.20636e+06 557621      -29112      
237207      -101457     557621      1.27511e+06 -501282     
287373      -307444     -29112      -501282     434692      

productTransposeAcc(const TMat<T>& mat, const TMat<T>& m1, const TMat<T>& m2):
Ok.

squareProductTranspose(const TMat<T>& mat, const TMat<T>& m1, const TMat<T>& m2) = 
-1.37449e+09 -8.30376e+08 -7.92276e+07 6.21214e+08 -2.81117e+08 
6.13431e+08 -9.24509e+08 -1.49311e+07 7.34641e+08 -3.22015e+08 
-1.63261e+09 -2.77327e+08 -2.493e+08  -1.96512e+08 -3.3225e+06 
-3.83724e+08 -6.14322e+07 -2.94304e+08 4.01629e+08 -2.32724e+08 
-2.44574e+08 1.59115e+08 283526      1.98836e+08 -1.74012e+08 

squareProductTransposeAcc(const TMat<T>& mat, const TMat<T>& m1, const TMat<T>& m2):
Ok.

transposeProduct(const TMat<T>& mat, const TMat<T>& m1, const TMat<T>& m2) = 
1.83629e+06 923521      -775049     -5906       -20995      -24207      
923521      1.51927e+06 -741010     924554      -543233     -71437      
-775049     -741010     2.01601e+06 -597789     1.09087e+06 -829314     
-5906       924554      -597789     1.07407e+06 -768468     680626      
-20995      -543233     1.09087e+06 -768468     1.05347e+06 -849326     
-24207      -71437      -829314     680626      -849326     2.08252e+06 

transposeProduct(const TVec<T>& vec, const TMat<T>& m, const TVec<T>& v) = 
Ok.

transposeProductAcc(const TMat<T>& mat, const TMat<T>& m1, const TMat<T>& m2):
Ok.

transposeProductAcc(const TVec<T>& vec, const TMat<T>& m, const TVec<T>& v)
Ok.

PASSED



Step:	 /u/lisa/dorionc/PLearn/test_suite/TMat/Matrices/Random/mrand15_6_8
Doing ...


Loading /u/lisa/dorionc/PLearn/test_suite/TMat/Matrices/Random/mrand15_6_8...
-926        -59         -498        -202        -470        781         23          -996        
-177        691         -684        -676        -382        -579        944         283         
710         91          281         -556        -655        288         -743        185         
-61         -75         500         -193        -606        907         -818        942         
327         -513        -514        926         911         419         -361        -423        
-997        -491        -888        -721        -823        -890        21          -980        

sum(const TMat<T>& mat) = -7727
sumsquare(const TMat<T>& mat) = 1.86811e+07
product(const TMat<T>& mat) = 1.66185e+125
mean(const TMat<T>& mat) = -160.979
variance(const TMat<T>& mat, T meanval) = 371005
geometric_mean(TMat<T>): argument -926 <=0 at position (0,0)
min(const TMat<T>& mat) = -997
max(const TMat<T>& mat) = 944
makeItSymmetric: at void makeItSymmetric, the matrix is not even square

trace(const TMat<T>& mat) = 
In trace()
The matrix must be square.

product(const TMat<T>& mat, const TMat<T>& m1, const TMat<T>& m2) = 
191765      -1.07615e+06 -1.28086e+06 
1.51291e+06 -593150     -791314     
142760      994434      899344      
381029      1.7088e+06  1.50682e+06 
-586608     -200762     -497562     
685974      -1.9176e+06 -2.12187e+06 

product(const TVec<T>& vec, const TMat<T>& m, const TVec<T>& v) = 
Ok.

productAcc(const TMat<T>& mat, const TMat<T>& m1, const TMat<T>& m2) = 
Ok.

productAcc(const TVec<T>& vec, const TMat<T>& m, const TVec<T>& v) = 
Ok.

productTranspose(const TMat<T>& mat, const TMat<T>& m1, const TMat<T>& m2) = 
2.97317e+06 67502       -359026     -112962     108459      2.20834e+06 
67502       2.88603e+06 -444716     -1.05183e+06 -1.73786e+06 1.50416e+06 
-359026     -444716     1.99872e+06 1.63786e+06 -759868     -515361     
-112962     -1.05183e+06 1.63786e+06 3.04297e+06 -692391     -1.45604e+06 
108459      -1.73786e+06 -759868     -692391     2.8065e+06  -1.00105e+06 
2.20834e+06 1.50416e+06 -515361     -1.45604e+06 -1.00105e+06 4.97374e+06 

productTransposeAcc(const TMat<T>& mat, const TMat<T>& m1, const TMat<T>& m2):
Ok.

squareProductTranspose(const TMat<T>& mat, const TMat<T>& m1, const TMat<T>& m2) = 
-1.54146e+09 -5.02897e+08 8.70236e+08 1.41698e+09 2.25919e+08 -2.80309e+09 
-2.48517e+08 3.09515e+08 -7.03245e+08 -3.29862e+08 -1.34196e+08 -1.48885e+09 
-7.27307e+08 -2.7581e+07 -4.51991e+08 -6.55649e+08 6.18095e+08 -1.24851e+09 
-5.34339e+08 7.32271e+07 -2.8392e+08 9.29313e+08 -3.33431e+07 -2.14529e+09 
-8.47489e+08 -8.4246e+08 -8.59413e+08 -3.41405e+08 1.26507e+09 -2.10056e+09 
-2.08864e+09 -1.34529e+09 6.22055e+08 1.42754e+09 8.19956e+08 -4.38802e+09 

squareProductTransposeAcc(const TMat<T>& mat, const TMat<T>& m1, const TMat<T>& m2):
Ok.

transposeProduct(const TMat<T>& mat, const TMat<T>& m1, const TMat<T>& m2) = 
2.49756e+06 323288      1.46848e+06 945356      1.19318e+06 552773      -805002     1.78483e+06 
323288      999118      244499      -612346     -313637     -265942     819566      898681      
1.46848e+06 244499      2.09756e+06 474528      270863      1.11648e+06 -1.10803e+06 1.91308e+06 
945356      -612346     474528      2.22148e+06 2.27128e+06 928147      -421235     40100       
1.19318e+06 -313637     270863      2.27128e+06 2.67034e+06 230005      264801      89174       
552773      -265942     1.11648e+06 928147      230005      2.81846e+06 -1.65447e+06 660904      
-805002     819566      -1.10803e+06 -421235     264801      -1.65447e+06 2.2436e+06  -531644     
1.78483e+06 898681      1.91308e+06 40100       89174       660904      -531644     3.13302e+06 

transposeProduct(const TVec<T>& vec, const TMat<T>& m, const TVec<T>& v) = 
Ok.

transposeProductAcc(const TMat<T>& mat, const TMat<T>& m1, const TMat<T>& m2):
Ok.

transposeProductAcc(const TVec<T>& vec, const TMat<T>& m, const TVec<T>& v)
Ok.

PASSED



Step:	 /u/lisa/dorionc/PLearn/test_suite/TMat/Matrices/Random/mrand16_4_1
Doing ...


Loading /u/lisa/dorionc/PLearn/test_suite/TMat/Matrices/Random/mrand16_4_1...
-434        
-914        
-305        
842         

sum(const TMat<T>& mat) = -811
sumsquare(const TMat<T>& mat) = 1.82574e+06
product(const TMat<T>& mat) = -1.0187e+11
mean(const TMat<T>& mat) = -202.75
variance(const TMat<T>& mat, T meanval) = 553770
geometric_mean(TMat<T>): argument -434 <=0 at position (0,0)
min(const TMat<T>& mat) = -914
max(const TMat<T>& mat) = 842
makeItSymmetric: at void makeItSymmetric, the matrix is not even square

trace(const TMat<T>& mat) = 
In trace()
The matrix must be square.

product(const TMat<T>& mat, const TMat<T>& m1, const TMat<T>& m2) = 
252154      -186620     -269514     91574       -328104     -398846     -217000     
531034      -393020     -567594     192854      -690984     -839966     -457000     
177205      -131150     -189405     64355       -230580     -280295     -152500     
-489202     362060      522882      -177662     636552      773798      421000      

product(const TVec<T>& vec, const TMat<T>& m, const TVec<T>& v) = 
Ok.

productAcc(const TMat<T>& mat, const TMat<T>& m1, const TMat<T>& m2) = 
Ok.

productAcc(const TVec<T>& vec, const TMat<T>& m, const TVec<T>& v) = 
Ok.

productTranspose(const TMat<T>& mat, const TMat<T>& m1, const TMat<T>& m2) = 
188356      396676      132370      -365428     
396676      835396      278770      -769588     
132370      278770      93025       -256810     
-365428     -769588     -256810     708964      

productTransposeAcc(const TMat<T>& mat, const TMat<T>& m1, const TMat<T>& m2):
Ok.

squareProductTranspose(const TMat<T>& mat, const TMat<T>& m1, const TMat<T>& m2) = 
-8.17465e+07 -1.72157e+08 -5.74486e+07 1.58596e+08 
-3.62562e+08 -7.63552e+08 -2.54796e+08 7.03403e+08 
-4.03728e+07 -8.50248e+07 -2.83726e+07 7.8327e+07  
-3.0769e+08 -6.47993e+08 -2.16234e+08 5.96948e+08 

squareProductTransposeAcc(const TMat<T>& mat, const TMat<T>& m1, const TMat<T>& m2):
Ok.

transposeProduct(const TMat<T>& mat, const TMat<T>& m1, const TMat<T>& m2) = 
1.82574e+06 

transposeProduct(const TVec<T>& vec, const TMat<T>& m, const TVec<T>& v) = 
Ok.

transposeProductAcc(const TMat<T>& mat, const TMat<T>& m1, const TMat<T>& m2):
Ok.

transposeProductAcc(const TVec<T>& vec, const TMat<T>& m, const TVec<T>& v)
Ok.

PASSED



Step:	 /u/lisa/dorionc/PLearn/test_suite/TMat/Matrices/Random/mrand17_7_7
Doing ...


Loading /u/lisa/dorionc/PLearn/test_suite/TMat/Matrices/Random/mrand17_7_7...
487         454         223         354         611         106         620         
388         -235        -509        675         -238        830         -236        
-846        606         -991        -887        -147        303         83          
-233        369         596         -541        514         686         45          
-528        510         -116        345         -5          -967        -665        
499         568         -719        585         -20         997         -647        
812         -286        845         -833        881         -213        -241        

sum(const TMat<T>& mat) = 3889
sumsquare(const TMat<T>& mat) = 1.55775e+07
product(const TMat<T>& mat) = 2.95517e+125
mean(const TMat<T>& mat) = 79.3673
variance(const TMat<T>& mat, T meanval) = 318100
geometric_mean(TMat<T>): argument -235 <=0 at position (1,1)
min(const TMat<T>& mat) = -991
max(const TMat<T>& mat) = 997
makeItSymmetric: 487         421         -311.5      60.5        41.5        302.5       716         
421         -235        48.5        522         136         699         -261        
-311.5      48.5        -991        -145.5      -131.5      -208        464         
60.5        522         -145.5      -541        429.5       635.5       -394        
41.5        136         -131.5      429.5       -5          -493.5      108         
302.5       699         -208        635.5       -493.5      997         -430        
716         -261        464         -394        108         -430        -241        

trace(const TMat<T>& mat) = 
-529

product(const TMat<T>& mat, const TMat<T>& m1, const TMat<T>& m2) = 
1.36038e+06 -56072.5    621775      294995      898785      457124      -216419     
16251       1.00941e+06 -262356     338236      329738      843348      -135796     
1.08181e+06 -1.12497e+06 1.3581e+06  326640      282622      -571898     -183177     
251556      309688      -1.27013e+06 1.64365e+06 -705928     326650      -723936     
-71766.5    -248068     772996      -389614     338125      -138117     298638      
855337      519112      -726394     1.19078e+06 -20614      2.54798e+06 -179332     
-520604     401963      -309134     -134662     24609       -752239     790769      

product(const TVec<T>& vec, const TMat<T>& m, const TVec<T>& v) = 
Ok.

productAcc(const TMat<T>& mat, const TMat<T>& m1, const TMat<T>& m2) = 
Ok.

productAcc(const TVec<T>& vec, const TMat<T>& m, const TVec<T>& v) = 
Ok.

productTranspose(const TMat<T>& mat, const TMat<T>& m1, const TMat<T>& m2) = 
1.12099e+06 152781      432458      189777      72250.2     518068      -227711     
152781      1.08252e+06 -550934     218802      -170492     1.02675e+06 -43374      
432458      -550934     1.37849e+06 -142102     214910      -288665     -674776     
189777      218802      -142102     1.33356e+06 -498042     660693      -79207      
72250.2     -170492     214910      -498042     477212      -128075     -50384      
518068      1.02675e+06 -288665     660693      -128075     2.44968e+06 -691126     
-227711     -43374      -674776     -79207      -50384      -691126     1.20595e+06 

productTransposeAcc(const TMat<T>& mat, const TMat<T>& m1, const TMat<T>& m2):
Ok.

squareProductTranspose(const TMat<T>& mat, const TMat<T>& m1, const TMat<T>& m2) = 
5.54929e+08 -4.79289e+06 5.66391e+07 -5.23244e+07 3.29595e+07 4.77182e+07 4.42215e+06 
3.22663e+08 5.30259e+08 -1.66963e+08 1.83405e+08 -1.02271e+08 7.13607e+08 -2.18294e+08 
-8.84355e+07 7.53806e+07 -9.1781e+08 -1.97153e+08 -1.1389e+08 -2.17799e+08 4.47583e+08 
3.68583e+08 3.58183e+08 -8.77208e+07 2.55758e+08 -2.33296e+07 6.1803e+08  -3.6514e+08 
9.64235e+07 2.60706e+08 -8.88644e+07 5.76309e+07 -3.93855e+07 3.64868e+08 -1.75783e+08 
7.04404e+08 8.16291e+08 -2.59429e+08 6.99246e+08 -2.33776e+08 1.4082e+09  -6.46735e+08 
3.18672e+08 4.06967e+08 -4.05377e+08 5.08963e+07 -1.61316e+07 4.1018e+08  2.95772e+08 

squareProductTransposeAcc(const TMat<T>& mat, const TMat<T>& m1, const TMat<T>& m2):
Ok.

transposeProduct(const TMat<T>& mat, const TMat<T>& m1, const TMat<T>& m2) = 
1.12099e+06 152781      432458      189777      72250.2     518068      -227711     
152781      1.08252e+06 -550934     218802      -170492     1.02675e+06 -43374      
432458      -550934     1.37849e+06 -142102     214910      -288665     -674776     
189777      218802      -142102     1.33356e+06 -498042     660693      -79207      
72250.2     -170492     214910      -498042     477212      -128075     -50384      
518068      1.02675e+06 -288665     660693      -128075     2.44968e+06 -691126     
-227711     -43374      -674776     -79207      -50384      -691126     1.20595e+06 

transposeProduct(const TVec<T>& vec, const TMat<T>& m, const TVec<T>& v) = 
Ok.

transposeProductAcc(const TMat<T>& mat, const TMat<T>& m1, const TMat<T>& m2):
Ok.

transposeProductAcc(const TVec<T>& vec, const TMat<T>& m, const TVec<T>& v)
Ok.

PASSED



Step:	 /u/lisa/dorionc/PLearn/test_suite/TMat/Matrices/Random/mrand18_7_4
Doing ...


Loading /u/lisa/dorionc/PLearn/test_suite/TMat/Matrices/Random/mrand18_7_4...
499         -27         -805        383         
-611        -288        -50         -160        
-985        334         299         641         
222         16          795         709         
130         -785        592         13          
-306        -283        236         76          
672         -108        -781        -650        

sum(const TMat<T>& mat) = -222
sumsquare(const TMat<T>& mat) = 7.00978e+06
product(const TMat<T>& mat) = -3.3178e+67
mean(const TMat<T>& mat) = -7.92857
variance(const TMat<T>& mat, T meanval) = 259556
geometric_mean(TMat<T>): argument -27 <=0 at position (0,1)
min(const TMat<T>& mat) = -985
max(const TMat<T>& mat) = 795
makeItSymmetric: at void makeItSymmetric, the matrix is not even square

trace(const TMat<T>& mat) = 
In trace()
The matrix must be square.

product(const TMat<T>& mat, const TMat<T>& m1, const TMat<T>& m2) = 
376123      
408936      
570741      
243531      
491456      
383478      
-502031     

product(const TVec<T>& vec, const TMat<T>& m, const TVec<T>& v) = 
Ok.

productAcc(const TMat<T>& mat, const TMat<T>& m1, const TMat<T>& m2) = 
Ok.

productAcc(const TVec<T>& vec, const TMat<T>& m, const TVec<T>& v) = 
Ok.

productTranspose(const TMat<T>& mat, const TMat<T>& m1, const TMat<T>& m2) = 
1.04444e+06 -318143     -495725     -258082     -385516     -305925     717999      
-318143     484365      388133      -293440     114970      244510      -236438     
-495725     388133      1.58206e+06 478848      -204899     326168      -1.34816e+06 
-258082     -293440     478848      1.18425e+06 496157      169044      -934289     
-385516     114970      -204899     496157      983758      323075      -298662     
-305925     244510      326168      169044      323075      235197      -408784     
717999      -236438     -1.34816e+06 -934289     -298662     -408784     1.49571e+06 

productTransposeAcc(const TMat<T>& mat, const TMat<T>& m1, const TMat<T>& m2):
Ok.

squareProductTranspose(const TMat<T>& mat, const TMat<T>& m1, const TMat<T>& m2) = 
-3.41246e+08 -2.08221e+08 4.27646e+07 6.74472e+08 4.17336e+08 8.76817e+07 -4.34205e+08 
1.9184e+08  -2.56208e+08 -3.22861e+08 1.04342e+08 -1.47665e+07 -1.35174e+08 2.23321e+08 
5.6653e+08  -6.95147e+08 -6.28306e+08 5.79563e+08 9.68246e+07 -2.76134e+08 3.03048e+08 
