3 [ StatsCollector(
maxnvalues = 2000 ;
no_removal_warnings = 0 ;
nmissing_ = 0 ;
nnonmissing_ = 34 ;
sumsquarew_ = 34 ;
sum_ = 23.0160000000000018 ;
sumsquare_ = 23.5216320000000039 ;
sumcube_ = 27.0330984960000045 ;
sumfourth_ = 33.1583665812480106 ;
min_ = -0.808000000000000052 ;
max_ = 0.71599999999999997 ;
first_ = -0.788000000000000034 ;
last_ = -0.13600000000000001 ;
counts = {-0.808000000000000052 : 1 0 0 0 21 , -0.792000000000000037 : 2 0 0 0 24 , -0.788000000000000034 : 1 0 0 0 0 , -0.78400000000000003 : 1 0 0 0 23 , -0.776000000000000023 : 1 0 0 0 25 , -0.540000000000000036 : 1 0 0 0 10 , -0.536000000000000032 : 1 0 0 0 5 , -0.531999999999999917 : 1 0 0 0 14 , -0.508000000000000007 : 1 0 0 0 22 , -0.44399999999999995 : 1 0 0 0 1 , -0.432000000000000051 : 1 0 0 0 2 , -0.347999999999999976 : 2 0 0 0 11 , -0.219999999999999973 : 1 0 0 0 8 , -0.21599999999999997 : 1 0 0 0 9 , -0.176000000000000045 : 1 0 0 0 12 , -0.13600000000000001 : 1 0 0 0 31 , -0.0719999999999999529 : 1 0 0 0 15 , -0.0440000000000000391 : 1 0 0 0 3 , 0.100000000000000089 : 1 0 0 0 18 , 0.104000000000000092 : 1 0 0 0 7 , 0.183999999999999941 : 1 0 0 0 26 , 0.195999999999999952 : 1 0 0 0 4 , 0.276000000000000023 : 1 0 0 0 19 , 0.328000000000000069 : 1 0 0 0 29 , 0.368000000000000105 : 1 0 0 0 13 , 0.423999999999999932 : 1 0 0 0 17 , 0.479999999999999982 : 1 0 0 0 30 , 0.508000000000000007 : 1 0 0 0 27 , 0.55600000000000005 : 1 0 0 0 6 , 0.612000000000000099 : 1 0 0 0 20 , 0.663999999999999924 : 1 0 0 0 28 , 0.71599999999999997 : 1 0 0 0 16 , 3.4028234663852886e+38 : 0 0 0 0 0 };
more_than_maxnvalues = 0  )
StatsCollector(
maxnvalues = 2000 ;
no_removal_warnings = 0 ;
nmissing_ = 0 ;
nnonmissing_ = 34 ;
sumsquarew_ = 34 ;
sum_ = 29.955999999999996 ;
sumsquare_ = 37.0365919999999988 ;
sumcube_ = 49.9854279040000051 ;
sumfourth_ = 71.0326103528960147 ;
min_ = -0.827999999999999847 ;
max_ = 0.92000000000000004 ;
first_ = -0.739999999999999991 ;
last_ = -0.800000000000000044 ;
counts = {-0.827999999999999847 : 1 0 0 0 19 , -0.820000000000000062 : 1 0 0 0 2 , -0.800000000000000044 : 1 0 0 0 32 , -0.739999999999999991 : 1 0 0 0 0 , -0.528000000000000025 : 1 0 0 0 3 , -0.512000000000000011 : 1 0 0 0 1 , -0.435999999999999943 : 1 0 0 0 20 , -0.399999999999999911 : 1 0 0 0 29 , -0.360000000000000098 : 1 0 0 0 21 , -0.264000000000000012 : 1 0 0 0 9 , -0.243999999999999995 : 1 0 0 0 22 , -0.143999999999999906 : 1 0 0 0 7 , -0.0600000000000000533 : 1 0 0 0 11 , -0.0200000000000000178 : 1 0 0 0 30 , 0.0599999999999998312 : 1 0 0 0 23 , 0.103999999999999981 : 1 0 0 0 28 , 0.108000000000000096 : 1 0 0 0 8 , 0.164000000000000035 : 1 0 0 0 27 , 0.239999999999999991 : 1 0 0 0 10 , 0.371999999999999997 : 1 0 0 0 25 , 0.463999999999999968 : 2 0 0 0 14 , 0.496000000000000107 : 1 0 0 0 12 , 0.580000000000000071 : 1 0 0 0 18 , 0.611999999999999988 : 1 0 0 0 24 , 0.683999999999999941 : 1 0 0 0 13 , 0.699999999999999956 : 1 0 0 0 6 , 0.71599999999999997 : 1 0 0 0 5 , 0.824000000000000066 : 1 0 0 0 31 , 0.835999999999999965 : 1 0 0 0 15 , 0.839999999999999969 : 1 0 0 0 4 , 0.876000000000000001 : 1 0 0 0 26 , 0.892000000000000015 : 1 0 0 0 16 , 0.92000000000000004 : 1 0 0 0 17 , 3.4028234663852886e+38 : 0 0 0 0 0 };
more_than_maxnvalues = 0  )
StatsCollector(
maxnvalues = 2000 ;
no_removal_warnings = 0 ;
nmissing_ = 0 ;
nnonmissing_ = 34 ;
sumsquarew_ = 34 ;
sum_ = 16 ;
sumsquare_ = 16 ;
sumcube_ = 16 ;
sumfourth_ = 16 ;
min_ = 0 ;
max_ = 1 ;
first_ = 0 ;
last_ = 1 ;
counts = {0 : 18 0 0 0 0 , 1 : 16 0 0 0 1 , 3.4028234663852886e+38 : 0 0 0 0 0 };
more_than_maxnvalues = 0  )
] 