3 [ StatsCollector(
maxnvalues = 2000 ;
no_removal_warnings = 0 ;
nmissing_ = 0 ;
nnonmissing_ = 13 ;
sumsquarew_ = 13 ;
sum_ = -1.07599999999999874 ;
sumsquare_ = 1.94244799999999995 ;
sumcube_ = 0.0246313600000003588 ;
sumfourth_ = 0.622955820799999782 ;
min_ = -0.663999999999999924 ;
max_ = 0.707999999999999963 ;
first_ = -0.0560000000000000497 ;
last_ = 0.280000000000000027 ;
counts = {-0.663999999999999924 : 1 0 0 0 3 , -0.564000000000000057 : 1 0 0 0 2 , -0.44399999999999995 : 1 0 0 0 9 , -0.355999999999999983 : 1 0 0 0 1 , -0.343999999999999972 : 1 0 0 0 4 , -0.339999999999999969 : 1 0 0 0 10 , -0.323999999999999955 : 1 0 0 0 8 , -0.0599999999999998312 : 1 0 0 0 11 , -0.0560000000000000497 : 1 0 0 0 0 , 0.0560000000000000497 : 1 0 0 0 6 , 0.280000000000000027 : 1 0 0 0 12 , 0.304000000000000048 : 1 0 0 0 5 , 0.707999999999999963 : 1 0 0 0 7 , 3.4028234663852886e+38 : 0 0 0 0 0 };
more_than_maxnvalues = 0  )
StatsCollector(
maxnvalues = 2000 ;
no_removal_warnings = 0 ;
nmissing_ = 0 ;
nnonmissing_ = 13 ;
sumsquarew_ = 13 ;
sum_ = 10.1479999999999979 ;
sumsquare_ = 11.8453280000000003 ;
sumcube_ = 15.201849919999999 ;
sumfourth_ = 20.4297557864960027 ;
min_ = -0.756000000000000005 ;
max_ = 0.804000000000000048 ;
first_ = -0.739999999999999991 ;
last_ = -0.756000000000000005 ;
counts = {-0.756000000000000005 : 1 0 0 0 12 , -0.739999999999999991 : 1 0 0 0 0 , -0.540000000000000036 : 1 0 0 0 11 , -0.504000000000000004 : 1 0 0 0 1 , -0.28400000000000003 : 1 0 0 0 10 , -0.155999999999999917 : 1 0 0 0 2 , 0.0680000000000000604 : 1 0 0 0 9 , 0.292000000000000037 : 1 0 0 0 3 , 0.376000000000000001 : 1 0 0 0 8 , 0.592000000000000082 : 1 0 0 0 6 , 0.671999999999999931 : 1 0 0 0 4 , 0.703999999999999959 : 1 0 0 0 7 , 0.804000000000000048 : 1 0 0 0 5 , 3.4028234663852886e+38 : 0 0 0 0 0 };
more_than_maxnvalues = 0  )
StatsCollector(
maxnvalues = 2000 ;
no_removal_warnings = 0 ;
nmissing_ = 0 ;
nnonmissing_ = 13 ;
sumsquarew_ = 13 ;
sum_ = 7 ;
sumsquare_ = 7 ;
sumcube_ = 7 ;
sumfourth_ = 7 ;
min_ = 0 ;
max_ = 1 ;
first_ = 0 ;
last_ = 1 ;
counts = {0 : 6 0 0 0 0 , 1 : 7 0 0 0 1 , 3.4028234663852886e+38 : 0 0 0 0 0 };
more_than_maxnvalues = 0  )
] 