2 [ StatsCollector(
maxnvalues = 2000 ;
no_removal_warnings = 0 ;
nmissing_ = 0 ;
nnonmissing_ = 32 ;
sumsquarew_ = 32 ;
sum_ = 29.6559999999999953 ;
sumsquare_ = 37.5534079999999904 ;
sumcube_ = 53.7389797120000026 ;
sumfourth_ = 82.2443661639679817 ;
min_ = -0.93199999999999994 ;
max_ = 0.924000000000000155 ;
first_ = -0.93199999999999994 ;
last_ = 0.924000000000000155 ;
counts = {-0.93199999999999994 : 1 0 0 0 0 , -0.892000000000000015 : 1 0 0 0 1 , -0.820000000000000062 : 1 0 0 0 2 , -0.735999999999999988 : 1 0 0 0 3 , -0.65999999999999992 : 1 0 0 0 4 , -0.607999999999999985 : 1 0 0 0 5 , -0.572000000000000064 : 1 0 0 0 6 , -0.540000000000000036 : 1 0 0 0 7 , -0.512000000000000011 : 1 0 0 0 8 , -0.439999999999999947 : 1 0 0 0 9 , -0.371999999999999997 : 1 0 0 0 10 , -0.243999999999999995 : 1 0 0 0 11 , -0.203999999999999959 : 1 0 0 0 12 , -0.13600000000000001 : 1 0 0 0 13 , -0.0839999999999999636 : 1 0 0 0 14 , -0.0560000000000000497 : 1 0 0 0 15 , -0.0240000000000000213 : 1 0 0 0 16 , 0.0400000000000000355 : 1 0 0 0 17 , 0.143999999999999906 : 1 0 0 0 18 , 0.247999999999999998 : 1 0 0 0 19 , 0.288000000000000034 : 1 0 0 0 20 , 0.332000000000000073 : 1 0 0 0 22 , 0.364000000000000101 : 1 0 0 0 21 , 0.399999999999999911 : 1 0 0 0 23 , 0.447999999999999954 : 1 0 0 0 24 , 0.548000000000000043 : 1 0 0 0 25 , 0.65999999999999992 : 1 0 0 0 26 , 0.735999999999999988 : 1 0 0 0 27 , 0.796000000000000041 : 1 0 0 0 28 , 0.84000000000000008 : 1 0 0 0 29 , 0.895999999999999908 : 1 0 0 0 30 , 0.924000000000000155 : 1 0 0 0 31 , 3.4028234663852886e+38 : 0 0 0 0 0 };
more_than_maxnvalues = 0  )
StatsCollector(
maxnvalues = 2000 ;
no_removal_warnings = 0 ;
nmissing_ = 0 ;
nnonmissing_ = 32 ;
sumsquarew_ = 32 ;
sum_ = -0.495999999999997554 ;
sumsquare_ = 1.18681599999999987 ;
sumcube_ = -0.0723619839999997128 ;
sumfourth_ = 0.0758278021119999646 ;
min_ = -0.651999999999999913 ;
max_ = -0.0640000000000000568 ;
first_ = -0.34000000000000008 ;
last_ = -0.0760000000000000675 ;
counts = {-0.651999999999999913 : 1 0 0 0 23 , -0.639999999999999902 : 1 0 0 0 9 , -0.635999999999999899 : 1 0 0 0 10 , -0.62400000000000011 : 1 0 0 0 22 , -0.616000000000000103 : 1 0 0 0 24 , -0.608000000000000096 : 1 0 0 0 8 , -0.576000000000000068 : 1 0 0 0 11 , -0.540000000000000036 : 1 0 0 0 7 , -0.532000000000000028 : 1 0 0 0 21 , -0.491999999999999993 : 1 0 0 0 25 , -0.463999999999999968 : 1 0 0 0 12 , -0.455999999999999961 : 1 0 0 0 6 , -0.415999999999999925 : 1 0 0 0 19 , -0.387999999999999901 : 1 0 0 0 26 , -0.352000000000000091 : 1 0 0 0 20 , -0.348000000000000087 : 2 0 0 0 5 , -0.34000000000000008 : 1 0 0 0 0 , -0.28400000000000003 : 1 0 0 0 27 , -0.268000000000000016 : 1 0 0 0 18 , -0.243999999999999995 : 1 0 0 0 4 , -0.235999999999999988 : 1 0 0 0 1 , -0.231999999999999984 : 1 0 0 0 13 , -0.191999999999999948 : 1 0 0 0 17 , -0.15999999999999992 : 1 0 0 0 28 , -0.143999999999999906 : 2 0 0 0 2 , -0.139999999999999902 : 1 0 0 0 14 , -0.0920000000000000817 : 1 0 0 0 3 , -0.0760000000000000675 : 1 0 0 0 29 , -0.0720000000000000639 : 1 0 0 0 15 , -0.0640000000000000568 : 1 0 0 0 16 , 3.4028234663852886e+38 : 0 0 0 0 0 };
more_than_maxnvalues = 0  )
] 