2 [ StatsCollector(
maxnvalues = 2000 ;
no_removal_warnings = 0 ;
nmissing_ = 0 ;
nnonmissing_ = 12 ;
sumsquarew_ = 12 ;
sum_ = 10.107999999999997 ;
sumsquare_ = 13.6500000000000004 ;
sumcube_ = 20.0635119999999958 ;
sumfourth_ = 30.8667776217599972 ;
min_ = -0.908000000000000029 ;
max_ = 0.935999999999999943 ;
first_ = -0.831999999999999962 ;
last_ = -0.908000000000000029 ;
counts = {-0.908000000000000029 : 1 0 0 0 11 , -0.831999999999999962 : 1 0 0 0 0 , -0.743999999999999995 : 1 0 0 0 1 , -0.56800000000000006 : 1 0 0 0 2 , -0.355999999999999983 : 1 0 0 0 3 , -0.0919999999999999707 : 1 0 0 0 4 , 0.155999999999999917 : 1 0 0 0 5 , 0.415999999999999925 : 1 0 0 0 6 , 0.552000000000000046 : 1 0 0 0 7 , 0.719999999999999973 : 1 0 0 0 8 , 0.844000000000000306 : 1 0 0 0 9 , 0.935999999999999943 : 1 0 0 0 10 , 3.4028234663852886e+38 : 0 0 0 0 0 };
more_than_maxnvalues = 0  )
StatsCollector(
maxnvalues = 2000 ;
no_removal_warnings = 0 ;
nmissing_ = 0 ;
nnonmissing_ = 12 ;
sumsquarew_ = 12 ;
sum_ = -0.643999999999998241 ;
sumsquare_ = 0.908687999999999718 ;
sumcube_ = 0.0603625600000004259 ;
sumfourth_ = 0.146014635264000048 ;
min_ = -0.247999999999999998 ;
max_ = 0.656000000000000028 ;
first_ = 0.0999999999999998668 ;
last_ = 0.300000000000000044 ;
counts = {-0.247999999999999998 : 1 0 0 0 4 , -0.219999999999999973 : 1 0 0 0 3 , -0.21599999999999997 : 1 0 0 0 5 , -0.155999999999999917 : 1 0 0 0 2 , -0.131999999999999895 : 1 0 0 0 6 , -0.0520000000000000462 : 1 0 0 0 1 , -0.0160000000000000142 : 1 0 0 0 7 , 0.0999999999999998668 : 1 0 0 0 0 , 0.164000000000000035 : 1 0 0 0 8 , 0.300000000000000044 : 1 0 0 0 11 , 0.376000000000000001 : 1 0 0 0 9 , 0.656000000000000028 : 1 0 0 0 10 , 3.4028234663852886e+38 : 0 0 0 0 0 };
more_than_maxnvalues = 0  )
] 