2 [ StatsCollector(
maxnvalues = 2000 ;
no_removal_warnings = 0 ;
nmissing_ = 0 ;
nnonmissing_ = 19 ;
sumsquarew_ = 19 ;
sum_ = 17.2079999999999984 ;
sumsquare_ = 22.056832 ;
sumcube_ = 31.3357524480000045 ;
sumfourth_ = 47.2367034726400092 ;
min_ = -0.947999999999999954 ;
max_ = 0.904000000000000137 ;
first_ = -0.867999999999999994 ;
last_ = -0.463999999999999968 ;
counts = {-0.947999999999999954 : 1 0 0 0 8 , -0.867999999999999994 : 1 0 0 0 0 , -0.687999999999999945 : 1 0 0 0 17 , -0.628000000000000003 : 1 0 0 0 7 , -0.463999999999999968 : 1 0 0 0 18 , -0.384000000000000008 : 1 0 0 0 6 , -0.292000000000000037 : 1 0 0 0 1 , -0.168000000000000038 : 1 0 0 0 12 , 2.22044604925031308e-16 : 1 0 0 0 5 , 0.0320000000000000284 : 1 0 0 0 13 , 0.187999999999999945 : 1 0 0 0 14 , 0.21599999999999997 : 1 0 0 0 4 , 0.403999999999999915 : 1 0 0 0 10 , 0.471999999999999975 : 1 0 0 0 11 , 0.55600000000000005 : 1 0 0 0 2 , 0.711999999999999966 : 1 0 0 0 9 , 0.800000000000000044 : 1 0 0 0 16 , 0.872000000000000108 : 1 0 0 0 15 , 0.904000000000000137 : 1 0 0 0 3 , 3.4028234663852886e+38 : 0 0 0 0 0 };
more_than_maxnvalues = 0  )
StatsCollector(
maxnvalues = 2000 ;
no_removal_warnings = 0 ;
nmissing_ = 0 ;
nnonmissing_ = 19 ;
sumsquarew_ = 19 ;
sum_ = 9.65600000000000058 ;
sumsquare_ = 6.57040000000000202 ;
sumcube_ = 4.96224089600000084 ;
sumfourth_ = 3.97794689689600212 ;
min_ = -0.600000000000000089 ;
max_ = 0.371999999999999997 ;
first_ = -0.600000000000000089 ;
last_ = -0.27200000000000002 ;
counts = {-0.600000000000000089 : 1 0 0 0 0 , -0.532000000000000028 : 1 0 0 0 8 , -0.524000000000000021 : 1 0 0 0 17 , -0.399999999999999911 : 1 0 0 0 7 , -0.368000000000000105 : 1 0 0 0 6 , -0.27200000000000002 : 1 0 0 0 18 , -0.243999999999999995 : 1 0 0 0 12 , -0.187999999999999945 : 1 0 0 0 1 , -0.112000000000000099 : 1 0 0 0 5 , -0.0760000000000000675 : 1 0 0 0 14 , -0.0160000000000000142 : 1 0 0 0 13 , 0.0440000000000000391 : 1 0 0 0 4 , 0.0599999999999998312 : 1 0 0 0 10 , 0.103999999999999981 : 1 0 0 0 2 , 0.172000000000000042 : 1 0 0 0 11 , 0.223999999999999977 : 1 0 0 0 16 , 0.28400000000000003 : 1 0 0 0 9 , 0.327999999999999958 : 1 0 0 0 3 , 0.371999999999999997 : 1 0 0 0 15 , 3.4028234663852886e+38 : 0 0 0 0 0 };
more_than_maxnvalues = 0  )
] 